0 0.2578125 0.2171875 0.3453125 0.146875
0 0.190625 0.3578125 0.334375 0.16171875
0 0.121875 0.54453125 0.19453125 0.15390625
0 0.1984375 0.85078125 0.39609375 0.2984375
0 0.675 0.6375 0.65 0.4546875
0 0.87421875 0.8625 0.18515625 0.1328125
0 0.646875 0.19296875 0.3359375 0.14765625
0 0.39140625 0.0734375 0.22734375 0.115625
0 0.47421875 0.196875 0.15 0.08671875
0 0.61796875 0.31953125 0.13203125 0.12421875
0 0.759375 0.3734375 0.08671875 0.0734375
0 0.93359375 0.2921875 0.06328125 0.06640625
0 0.98046875 0.4 0.0390625 0.07578125
0 0.82578125 0.31796875 0.153125 0.06796875
0 0.50234375 0.91015625 0.28515625 0.16953125