0 0.22109375 0.46015625 0.184375 0.3921875
0 0.1140625 0.31171875 0.0609375 0.140625
0 0.11953125 0.315625 0.059375 0.09375
0 0.1 0.16015625 0.059375 0.078125
0 0.09453125 0.16015625 0.0390625 0.053125
0 0.134375 0.06796875 0.09375 0.1359375
0 0.31953125 0.18828125 0.05 0.0921875
0 0.290625 0.29765625 0.059375 0.059375
0 0.42578125 0.11171875 0.078125 0.1375
0 0.49375 0.25859375 0.0828125 0.11875
0 0.57265625 0.39609375 0.1203125 0.1078125
0 0.65859375 0.51796875 0.08125 0.13125
0 0.77109375 0.76484375 0.234375 0.3125
0 0.6078125 0.8953125 0.1125 0.2
0 0.89453125 0.62421875 0.009375 0.0046875
0 0.4359375 0.61953125 0.165625 0.35625
0 0.4515625 0.42890625 0.0625 0.075
0 0.34296875 0.67109375 0.0984375 0.221875
0 0.353125 0.82734375 0.1203125 0.128125
0 0.34296875 0.96640625 0.20625 0.0671875
0 0.23046875 0.79375 0.059375 0.175
0 0.2671875 0.8625 0.046875 0.0984375