0 0.090625 0.83359375 0.18125 0.1078125
0 0.1515625 0.65 0.190625 0.078125
0 0.16953125 0.73203125 0.1203125 0.065625
0 0.33828125 0.24375 0.3046875 0.28125
0 0.6984375 0.06875 0.3890625 0.1375
0 0.72578125 0.703125 0.2140625 0.0828125
0 0.78671875 0.51953125 0.2828125 0.1234375
0 0.9546875 0.59296875 0.090625 0.08125
0 0.79765625 0.634375 0.090625 0.053125
0 0.33671875 0.725 0.215625 0.11875
0 0.55234375 0.63359375 0.2828125 0.1234375
0 0.35625 0.840625 0.096875 0.0453125
0 0.4171875 0.4515625 0.125 0.084375
0 0.50625 0.51328125 0.075 0.05625
0 0.58515625 0.75 0.0921875 0.040625
0 0.109375 0.45234375 0.153125 0.0625
0 0.3546875 0.58046875 0.1 0.09375
0 0.88671875 0.2140625 0.153125 0.13125
0 0.01953125 0.58359375 0.0375 0.15