0 0.72109375 0.80625 0.159375 0.2375
0 0.61015625 0.9515625 0.0640625 0.096875
0 0.9421875 0.9359375 0.0796875 0.1078125
0 0.82109375 0.965625 0.0515625 0.06875
0 0.88203125 0.9734375 0.0375 0.053125
0 0.8734375 0.78359375 0.0859375 0.165625
0 0.778125 0.64453125 0.065625 0.065625
0 0.8546875 0.60859375 0.040625 0.128125
0 0.69921875 0.5109375 0.078125 0.0984375
0 0.49140625 0.66875 0.225 0.3421875
0 0.296875 0.775 0.103125 0.0984375
0 0.08359375 0.65625 0.165625 0.1734375
0 0.10625 0.3109375 0.09375 0.096875
0 0.278125 0.58515625 0.13125 0.175
0 0.428125 0.2609375 0.54375 0.521875
0 0.72421875 0.33046875 0.0875 0.159375