0 0.34296875 0.37578125 0.328125 0.18828125
0 0.01328125 0.39921875 0.0265625 0.08515625
0 0.09765625 0.45625 0.1078125 0.0953125
0 0.2328125 0.571875 0.21875 0.1171875
0 0.3328125 0.9 0.28125 0.2
0 0.71953125 0.7546875 0.56015625 0.490625
0 0.703125 0.375 0.115625 0.12421875
0 0.87578125 0.3484375 0.17890625 0.08515625
0 0.0625 0.19609375 0.125 0.0796875
0 0.0890625 0.04609375 0.17734375 0.078125
0 0.01796875 0.12109375 0.0328125 0.04296875
0 0.2453125 0.10546875 0.22421875 0.10234375
0 0.4125 0.209375 0.07890625 0.05078125
0 0.43984375 0.146875 0.06875 0.053125
0 0.50390625 0.253125 0.10234375 0.07578125
0 0.53515625 0.165625 0.071875 0.034375
0 0.26015625 0.184375 0.07734375 0.04296875