0 0.53984375 0.22109375 0.390625 0.184375
0 0.68828125 0.1140625 0.140625 0.0609375
0 0.684375 0.11953125 0.09375 0.059375
0 0.83984375 0.1 0.078125 0.059375
0 0.83984375 0.09453125 0.053125 0.0390625
0 0.93203125 0.134375 0.1359375 0.09375
0 0.81171875 0.31953125 0.0921875 0.05
0 0.70234375 0.290625 0.059375 0.059375
0 0.88828125 0.42578125 0.1375 0.078125
0 0.74140625 0.49375 0.11875 0.0828125
0 0.60390625 0.57265625 0.1078125 0.1203125
0 0.48203125 0.65859375 0.13125 0.08125
0 0.23515625 0.77109375 0.3125 0.234375
0 0.1046875 0.6078125 0.2 0.1125
0 0.37578125 0.89453125 0.0046875 0.009375
0 0.38046875 0.4359375 0.35625 0.165625
0 0.57109375 0.4515625 0.075 0.0625
0 0.32890625 0.34296875 0.221875 0.0984375
0 0.17265625 0.353125 0.128125 0.1203125
0 0.03359375 0.34296875 0.0671875 0.20625
0 0.20625 0.23046875 0.175 0.059375
0 0.1375 0.2671875 0.0984375 0.046875