0 0.19375 0.27890625 0.23671875 0.159375
0 0.0484375 0.38984375 0.096875 0.0640625
0 0.0640625 0.0578125 0.1078125 0.0796875
0 0.034375 0.17890625 0.06875 0.0515625
0 0.0265625 0.11796875 0.053125 0.03828125
0 0.21640625 0.1265625 0.165625 0.0859375
0 0.35546875 0.221875 0.06640625 0.06640625
0 0.39140625 0.1453125 0.12734375 0.040625
0 0.4890625 0.30078125 0.0984375 0.07734375
0 0.33125 0.50859375 0.3421875 0.22578125
0 0.225 0.703125 0.0984375 0.10234375
0 0.34375 0.91640625 0.17265625 0.165625
0 0.6890625 0.89375 0.09765625 0.09375
0 0.41484375 0.721875 0.175 0.13203125
0 0.7390625 0.571875 0.521875 0.54296875
0 0.66953125 0.27578125 0.16015625 0.08828125