0 0.46015625 0.22109375 0.39140625 0.18359375
0 0.31171875 0.1140625 0.14140625 0.0609375
0 0.315625 0.11953125 0.09375 0.05859375
0 0.16015625 0.1 0.078125 0.06015625
0 0.16015625 0.09453125 0.05234375 0.0390625
0 0.06796875 0.134375 0.1359375 0.09296875
0 0.18828125 0.31953125 0.0921875 0.04921875
0 0.29765625 0.290625 0.06015625 0.059375
0 0.11171875 0.42578125 0.13828125 0.07890625
0 0.25859375 0.49375 0.11953125 0.0828125
0 0.39609375 0.57265625 0.1078125 0.1203125
0 0.51796875 0.65859375 0.13203125 0.08203125
0 0.76484375 0.77109375 0.3125 0.234375
0 0.8953125 0.6078125 0.2 0.11171875
0 0.62421875 0.89453125 0.0046875 0.009375
0 0.61953125 0.4359375 0.35625 0.16484375
0 0.42890625 0.4515625 0.07578125 0.06328125
0 0.67109375 0.34296875 0.221875 0.0984375
0 0.82734375 0.353125 0.12734375 0.1203125
0 0.96640625 0.34296875 0.0671875 0.20703125
0 0.79375 0.23046875 0.17421875 0.06015625
0 0.8625 0.2671875 0.0984375 0.04609375