0 0.090625 0.16640625 0.18125 0.1078125
0 0.1515625 0.35 0.19140625 0.078125
0 0.16953125 0.26796875 0.1203125 0.06640625
0 0.33828125 0.75625 0.3046875 0.28203125
0 0.6984375 0.93125 0.3890625 0.13671875
0 0.72578125 0.296875 0.2140625 0.0828125
0 0.78671875 0.48046875 0.2828125 0.1234375
0 0.9546875 0.40703125 0.08984375 0.08046875
0 0.79765625 0.365625 0.090625 0.05234375
0 0.33671875 0.275 0.21640625 0.11875
0 0.55234375 0.36640625 0.2828125 0.1234375
0 0.35625 0.159375 0.096875 0.0453125
0 0.4171875 0.5484375 0.125 0.08359375
0 0.50625 0.48671875 0.075 0.05546875
0 0.58515625 0.25 0.0921875 0.03984375
0 0.109375 0.54765625 0.15234375 0.06328125
0 0.3546875 0.41953125 0.1 0.09296875
0 0.88671875 0.7859375 0.15234375 0.13203125
0 0.01953125 0.41640625 0.03828125 0.14921875