0 0.2171875 0.7421875 0.146875 0.3453125
0 0.3578125 0.809375 0.1625 0.334375
0 0.54453125 0.878125 0.153125 0.19375
0 0.85078125 0.8015625 0.2984375 0.396875
0 0.6375 0.325 0.4546875 0.65
0 0.8625 0.12578125 0.1328125 0.184375
0 0.19296875 0.353125 0.146875 0.3359375
0 0.0734375 0.60859375 0.115625 0.228125
0 0.196875 0.52578125 0.0875 0.15
0 0.31953125 0.38203125 0.125 0.13125
0 0.3734375 0.240625 0.0734375 0.0875
0 0.2921875 0.06640625 0.065625 0.0625
0 0.4 0.01953125 0.075 0.0390625
0 0.31796875 0.17421875 0.06875 0.153125
0 0.91015625 0.49765625 0.16875 0.284375