0 0.37578125 0.65703125 0.1875 0.328125
0 0.39921875 0.98671875 0.084375 0.0265625
0 0.45625 0.90234375 0.0953125 0.1078125
0 0.571875 0.7671875 0.1171875 0.21875
0 0.9 0.6671875 0.2 0.28125
0 0.7546875 0.28046875 0.490625 0.559375
0 0.375 0.296875 0.125 0.115625
0 0.3484375 0.12421875 0.084375 0.178125
0 0.19609375 0.9375 0.0796875 0.125
0 0.04609375 0.9109375 0.078125 0.178125
0 0.12109375 0.98203125 0.04375 0.0328125
0 0.10546875 0.7546875 0.103125 0.225
0 0.209375 0.5875 0.05 0.078125
0 0.146875 0.56015625 0.053125 0.06875
0 0.253125 0.49609375 0.075 0.103125
0 0.165625 0.46484375 0.034375 0.071875
0 0.184375 0.73984375 0.04375 0.078125