0 0.2234375 0.190625 0.2703125 0.1265625
0 0.1796875 0.09453125 0.20546875 0.0484375
0 0.45703125 0.26015625 0.13203125 0.06640625
0 0.44140625 0.32578125 0.06875 0.0390625
0 0.34140625 0.2859375 0.10546875 0.040625
0 0.18515625 0.34921875 0.20078125 0.18984375
0 0.33515625 0.50546875 0.22265625 0.11640625
0 0.56484375 0.790625 0.3671875 0.29765625
0 0.740625 0.221875 0.2734375 0.153125
0 0.49140625 0.1609375 0.234375 0.12890625
0 0.94921875 0.9140625 0.1015625 0.128125
0 0.94609375 0.31875 0.1078125 0.08046875