0 0.16640625 0.090625 0.1078125 0.18125
0 0.35 0.1515625 0.078125 0.190625
0 0.26796875 0.16953125 0.065625 0.1203125
0 0.75625 0.33828125 0.28125 0.3046875
0 0.93125 0.6984375 0.1375 0.3890625
0 0.296875 0.72578125 0.0828125 0.2140625
0 0.48046875 0.78671875 0.1234375 0.2828125
0 0.40703125 0.9546875 0.08125 0.090625
0 0.365625 0.79765625 0.053125 0.090625
0 0.275 0.33671875 0.11875 0.215625
0 0.36640625 0.55234375 0.1234375 0.2828125
0 0.159375 0.35625 0.0453125 0.096875
0 0.5484375 0.4171875 0.084375 0.125
0 0.48671875 0.50625 0.05625 0.075
0 0.25 0.58515625 0.040625 0.0921875
0 0.54765625 0.109375 0.0625 0.153125
0 0.41953125 0.3546875 0.09375 0.1
0 0.7859375 0.88671875 0.13125 0.153125
0 0.41640625 0.01953125 0.15 0.0375