0 0.58046875 0.85 0.6921875 0.3
0 0.88125 0.56953125 0.11875 0.06875
0 0.9515625 0.3203125 0.096875 0.075
0 0.86015625 0.20625 0.26875 0.08125
0 0.4484375 0.2421875 0.459375 0.09375
0 0.31328125 0.35390625 0.2140625 0.08125
0 0.1296875 0.4015625 0.125 0.06875
0 0.27734375 0.45390625 0.0859375 0.046875
0 0.63359375 0.465625 0.278125 0.0859375
0 0.0640625 0.54765625 0.128125 0.09375
0 0.2125 0.64765625 0.153125 0.1046875
0 0.13671875 0.76015625 0.096875 0.09375
0 0.38984375 0.615625 0.09375 0.05625