0 0.15 0.58046875 0.3 0.6921875
0 0.43046875 0.88125 0.06875 0.11875
0 0.6796875 0.9515625 0.075 0.096875
0 0.79375 0.86015625 0.08125 0.26875
0 0.7578125 0.4484375 0.09375 0.459375
0 0.64609375 0.31328125 0.08125 0.2140625
0 0.5984375 0.1296875 0.06875 0.125
0 0.54609375 0.27734375 0.046875 0.0859375
0 0.534375 0.63359375 0.0859375 0.278125
0 0.45234375 0.0640625 0.09375 0.128125
0 0.35234375 0.2125 0.1046875 0.153125
0 0.23984375 0.13671875 0.09375 0.096875
0 0.384375 0.38984375 0.05625 0.09375