0 0.41953125 0.85 0.6921875 0.3
0 0.11875 0.56953125 0.11875 0.06796875
0 0.0484375 0.3203125 0.09609375 0.07421875
0 0.13984375 0.20625 0.26875 0.08125
0 0.5515625 0.2421875 0.45859375 0.09453125
0 0.68671875 0.35390625 0.2140625 0.08125
0 0.8703125 0.4015625 0.12578125 0.06875
0 0.72265625 0.45390625 0.0859375 0.04765625
0 0.36640625 0.465625 0.27734375 0.0859375
0 0.9359375 0.54765625 0.12734375 0.09453125
0 0.7875 0.64765625 0.15234375 0.1046875
0 0.86328125 0.76015625 0.09609375 0.09296875
0 0.61015625 0.615625 0.09296875 0.05625